<!System=OMS	Version=3.3	Code=UTF-8	Data=1.0!>
//短期功率预测信息监测
<DQYC::GX.FengPDC	Date='2025-12-20'	Time='00-15-00'>
@	时间顺序列	功率预测	计划开机容量	运行台数
#	1	39.7400	158.7200	62
#	2	39.6600	158.7200	62
#	3	39.6200	158.7200	62
#	4	39.6300	158.7200	62
#	5	39.4700	158.7200	62
#	6	39.3100	158.7200	62
#	7	39.1100	158.7200	62
#	8	38.6200	158.7200	62
#	9	37.8200	158.7200	62
#	10	37.0500	158.7200	62
#	11	36.4200	158.7200	62
#	12	35.7100	158.7200	62
#	13	34.9700	158.7200	62
#	14	34.2400	158.7200	62
#	15	33.3500	158.7200	62
#	16	32.3400	158.7200	62
#	17	31.4100	158.7200	62
#	18	30.7600	158.7200	62
#	19	30.4000	158.7200	62
#	20	30.0400	158.7200	62
#	21	29.4500	158.7200	62
#	22	28.9900	158.7200	62
#	23	28.5900	158.7200	62
#	24	28.1200	158.7200	62
#	25	27.5800	158.7200	62
#	26	27.0000	158.7200	62
#	27	26.4300	158.7200	62
#	28	25.7800	158.7200	62
#	29	25.0500	158.7200	62
#	30	24.2800	158.7200	62
#	31	23.5600	158.7200	62
#	32	22.5500	158.7200	62
#	33	21.3400	158.7200	62
#	34	20.1100	158.7200	62
#	35	18.8000	158.7200	62
#	36	17.4800	158.7200	62
#	37	15.9700	158.7200	62
#	38	14.4800	158.7200	62
#	39	13.0200	158.7200	62
#	40	11.5700	158.7200	62
#	41	10.1600	158.7200	62
#	42	8.9400	158.7200	62
#	43	7.8400	158.7200	62
#	44	6.7600	158.7200	62
#	45	5.8100	158.7200	62
#	46	4.9600	158.7200	62
#	47	4.1300	158.7200	62
#	48	3.3500	158.7200	62
#	49	2.6700	158.7200	62
#	50	1.9800	158.7200	62
#	51	1.4000	158.7200	62
#	52	0.8600	158.7200	62
#	53	0.3800	158.7200	62
#	54	0.0000	158.7200	62
#	55	0.0000	158.7200	62
#	56	0.0000	158.7200	62
#	57	0.0000	158.7200	62
#	58	0.0000	158.7200	62
#	59	0.0000	158.7200	62
#	60	0.0000	158.7200	62
#	61	0.0000	158.7200	62
#	62	0.0000	158.7200	62
#	63	0.0000	158.7200	62
#	64	0.0000	158.7200	62
#	65	0.0000	158.7200	62
#	66	0.1000	158.7200	62
#	67	0.2500	158.7200	62
#	68	0.4200	158.7200	62
#	69	0.6700	158.7200	62
#	70	1.1100	158.7200	62
#	71	2.0200	158.7200	62
#	72	3.1700	158.7200	62
#	73	4.3700	158.7200	62
#	74	5.9000	158.7200	62
#	75	7.5300	158.7200	62
#	76	9.2300	158.7200	62
#	77	10.9800	158.7200	62
#	78	12.8100	158.7200	62
#	79	14.6000	158.7200	62
#	80	16.1900	158.7200	62
#	81	17.2300	158.7200	62
#	82	17.9400	158.7200	62
#	83	18.6100	158.7200	62
#	84	19.0100	158.7200	62
#	85	19.3100	158.7200	62
#	86	19.6400	158.7200	62
#	87	20.0600	158.7200	62
#	88	20.3800	158.7200	62
#	89	20.6700	158.7200	62
#	90	20.8900	158.7200	62
#	91	21.0500	158.7200	62
#	92	21.2400	158.7200	62
#	93	21.2800	158.7200	62
#	94	20.9100	158.7200	62
#	95	20.6200	158.7200	62
#	96	20.2800	158.7200	62
#	97	19.7100	158.7200	62
#	98	18.9800	158.7200	62
#	99	18.1600	158.7200	62
#	100	17.4300	158.7200	62
#	101	16.9900	158.7200	62
#	102	16.6700	158.7200	62
#	103	16.6600	158.7200	62
#	104	17.1300	158.7200	62
#	105	17.6500	158.7200	62
#	106	18.7000	158.7200	62
#	107	20.2700	158.7200	62
#	108	22.2500	158.7200	62
#	109	24.4900	158.7200	62
#	110	27.1500	158.7200	62
#	111	29.8800	158.7200	62
#	112	32.9000	158.7200	62
#	113	35.9500	158.7200	62
#	114	39.0300	158.7200	62
#	115	42.0300	158.7200	62
#	116	44.7500	158.7200	62
#	117	47.4300	158.7200	62
#	118	50.2400	158.7200	62
#	119	52.9700	158.7200	62
#	120	55.3100	158.7200	62
#	121	57.5500	158.7200	62
#	122	59.4900	158.7200	62
#	123	61.1900	158.7200	62
#	124	62.7400	158.7200	62
#	125	64.2300	158.7200	62
#	126	65.4700	158.7200	62
#	127	66.2200	158.7200	62
#	128	66.4800	158.7200	62
#	129	66.4800	158.7200	62
#	130	66.2600	158.7200	62
#	131	65.6200	158.7200	62
#	132	64.5600	158.7200	62
#	133	63.2700	158.7200	62
#	134	61.5700	158.7200	62
#	135	59.4600	158.7200	62
#	136	56.9500	158.7200	62
#	137	53.9300	158.7200	62
#	138	50.7700	158.7200	62
#	139	47.5200	158.7200	62
#	140	44.0900	158.7200	62
#	141	40.6200	158.7200	62
#	142	37.1700	158.7200	62
#	143	33.8200	158.7200	62
#	144	30.4100	158.7200	62
#	145	27.2600	158.7200	62
#	146	24.4100	158.7200	62
#	147	22.0800	158.7200	62
#	148	19.8700	158.7200	62
#	149	17.8500	158.7200	62
#	150	16.2300	158.7200	62
#	151	14.8800	158.7200	62
#	152	13.9200	158.7200	62
#	153	13.1500	158.7200	62
#	154	12.9000	158.7200	62
#	155	12.8200	158.7200	62
#	156	12.8900	158.7200	62
#	157	13.1000	158.7200	62
#	158	13.5000	158.7200	62
#	159	13.9700	158.7200	62
#	160	14.4500	158.7200	62
#	161	14.9900	158.7200	62
#	162	15.5700	158.7200	62
#	163	16.2700	158.7200	62
#	164	17.1100	158.7200	62
#	165	18.0100	158.7200	62
#	166	19.0600	158.7200	62
#	167	20.3700	158.7200	62
#	168	22.0800	158.7200	62
#	169	24.1700	158.7200	62
#	170	26.3100	158.7200	62
#	171	28.6100	158.7200	62
#	172	30.9400	158.7200	62
#	173	32.9900	158.7200	62
#	174	34.7400	158.7200	62
#	175	36.3800	158.7200	62
#	176	37.7700	158.7200	62
#	177	38.7800	158.7200	62
#	178	39.2800	158.7200	62
#	179	38.9600	158.7200	62
#	180	38.3100	158.7200	62
#	181	37.4400	158.7200	62
#	182	36.4200	158.7200	62
#	183	35.4200	158.7200	62
#	184	34.3900	158.7200	62
#	185	33.2900	158.7200	62
#	186	32.1500	158.7200	62
#	187	31.0300	158.7200	62
#	188	29.8200	158.7200	62
#	189	28.9300	158.7200	62
#	190	28.0600	158.7200	62
#	191	27.1200	158.7200	62
#	192	25.9900	158.7200	62
#	193	19.8800	158.7200	62
#	194	19.0200	158.7200	62
#	195	18.2300	158.7200	62
#	196	17.4600	158.7200	62
#	197	16.6400	158.7200	62
#	198	15.9700	158.7200	62
#	199	15.2600	158.7200	62
#	200	14.6700	158.7200	62
#	201	14.1800	158.7200	62
#	202	13.8200	158.7200	62
#	203	13.5700	158.7200	62
#	204	13.4000	158.7200	62
#	205	13.1600	158.7200	62
#	206	13.0200	158.7200	62
#	207	12.8600	158.7200	62
#	208	12.7600	158.7200	62
#	209	12.8400	158.7200	62
#	210	12.9800	158.7200	62
#	211	13.1300	158.7200	62
#	212	13.3400	158.7200	62
#	213	13.6300	158.7200	62
#	214	13.9800	158.7200	62
#	215	14.5300	158.7200	62
#	216	15.1000	158.7200	62
#	217	15.8100	158.7200	62
#	218	16.5000	158.7200	62
#	219	17.1500	158.7200	62
#	220	17.8100	158.7200	62
#	221	18.3900	158.7200	62
#	222	18.8200	158.7200	62
#	223	19.0200	158.7200	62
#	224	18.9100	158.7200	62
#	225	18.5600	158.7200	62
#	226	18.0700	158.7200	62
#	227	17.3700	158.7200	62
#	228	16.4300	158.7200	62
#	229	15.4300	158.7200	62
#	230	14.2100	158.7200	62
#	231	13.0600	158.7200	62
#	232	12.0200	158.7200	62
#	233	11.0800	158.7200	62
#	234	10.3400	158.7200	62
#	235	9.6600	158.7200	62
#	236	9.0800	158.7200	62
#	237	8.5700	158.7200	62
#	238	8.2300	158.7200	62
#	239	7.9100	158.7200	62
#	240	7.8100	158.7200	62
#	241	7.7100	158.7200	62
#	242	7.6500	158.7200	62
#	243	7.5800	158.7200	62
#	244	7.5400	158.7200	62
#	245	7.5000	158.7200	62
#	246	7.4900	158.7200	62
#	247	7.5000	158.7200	62
#	248	7.4400	158.7200	62
#	249	7.3800	158.7200	62
#	250	7.2900	158.7200	62
#	251	7.2200	158.7200	62
#	252	7.1400	158.7200	62
#	253	7.0800	158.7200	62
#	254	7.0800	158.7200	62
#	255	7.1100	158.7200	62
#	256	7.1800	158.7200	62
#	257	7.3900	158.7200	62
#	258	7.8100	158.7200	62
#	259	8.3400	158.7200	62
#	260	9.0300	158.7200	62
#	261	10.1400	158.7200	62
#	262	11.4900	158.7200	62
#	263	13.0500	158.7200	62
#	264	14.7600	158.7200	62
#	265	16.5800	158.7200	62
#	266	18.5100	158.7200	62
#	267	20.4600	158.7200	62
#	268	22.4300	158.7200	62
#	269	24.3200	158.7200	62
#	270	26.1000	158.7200	62
#	271	27.6800	158.7200	62
#	272	29.0600	158.7200	62
#	273	30.2000	158.7200	62
#	274	31.2800	158.7200	62
#	275	32.3300	158.7200	62
#	276	33.2700	158.7200	62
#	277	34.1100	158.7200	62
#	278	34.8200	158.7200	62
#	279	35.6700	158.7200	62
#	280	36.4600	158.7200	62
#	281	37.1100	158.7200	62
#	282	37.7200	158.7200	62
#	283	38.3200	158.7200	62
#	284	38.7400	158.7200	62
#	285	39.1200	158.7200	62
#	286	39.4600	158.7200	62
#	287	39.7900	158.7200	62
#	288	40.1000	158.7200	62
#	289	40.2700	158.7200	62
#	290	40.4600	158.7200	62
#	291	40.5200	158.7200	62
#	292	40.5800	158.7200	62
#	293	40.6300	158.7200	62
#	294	40.6600	158.7200	62
#	295	40.6400	158.7200	62
#	296	40.5500	158.7200	62
#	297	40.4300	158.7200	62
#	298	40.1900	158.7200	62
#	299	39.7800	158.7200	62
#	300	39.2600	158.7200	62
#	301	38.7000	158.7200	62
#	302	38.1300	158.7200	62
#	303	37.5700	158.7200	62
#	304	37.0700	158.7200	62
#	305	36.6100	158.7200	62
#	306	36.2100	158.7200	62
#	307	35.8400	158.7200	62
#	308	35.5800	158.7200	62
#	309	35.5000	158.7200	62
#	310	35.4600	158.7200	62
#	311	35.4800	158.7200	62
#	312	35.5600	158.7200	62
#	313	35.6500	158.7200	62
#	314	35.7800	158.7200	62
#	315	35.9200	158.7200	62
#	316	36.0100	158.7200	62
#	317	35.9900	158.7200	62
#	318	35.9600	158.7200	62
#	319	35.8200	158.7200	62
#	320	35.5800	158.7200	62
#	321	35.1900	158.7200	62
#	322	34.6800	158.7200	62
#	323	33.9900	158.7200	62
#	324	33.0800	158.7200	62
#	325	32.0100	158.7200	62
#	326	30.7800	158.7200	62
#	327	29.3700	158.7200	62
#	328	27.6800	158.7200	62
#	329	25.8000	158.7200	62
#	330	23.8300	158.7200	62
#	331	21.9400	158.7200	62
#	332	20.0200	158.7200	62
#	333	18.0600	158.7200	62
#	334	15.8500	158.7200	62
#	335	13.7000	158.7200	62
#	336	11.6600	158.7200	62
#	337	9.7700	158.7200	62
#	338	8.0900	158.7200	62
#	339	6.6800	158.7200	62
#	340	5.4500	158.7200	62
#	341	4.2600	158.7200	62
#	342	3.2200	158.7200	62
#	343	2.3800	158.7200	62
#	344	1.9700	158.7200	62
#	345	1.6400	158.7200	62
#	346	1.4000	158.7200	62
#	347	1.2600	158.7200	62
#	348	1.1900	158.7200	62
#	349	1.1400	158.7200	62
#	350	1.1300	158.7200	62
#	351	1.1300	158.7200	62
#	352	1.1300	158.7200	62
#	353	1.1500	158.7200	62
#	354	1.1700	158.7200	62
#	355	1.2300	158.7200	62
#	356	1.3200	158.7200	62
#	357	1.4400	158.7200	62
#	358	1.6200	158.7200	62
#	359	1.9000	158.7200	62
#	360	2.2500	158.7200	62
#	361	2.6200	158.7200	62
#	362	3.0400	158.7200	62
#	363	3.5400	158.7200	62
#	364	4.1400	158.7200	62
#	365	4.7000	158.7200	62
#	366	5.2500	158.7200	62
#	367	5.7700	158.7200	62
#	368	6.2500	158.7200	62
#	369	6.6200	158.7200	62
#	370	6.9000	158.7200	62
#	371	7.1400	158.7200	62
#	372	7.3800	158.7200	62
#	373	7.5800	158.7200	62
#	374	7.7400	158.7200	62
#	375	7.9400	158.7200	62
#	376	8.1200	158.7200	62
#	377	8.2300	158.7200	62
#	378	8.3200	158.7200	62
#	379	8.3400	158.7200	62
#	380	8.3500	158.7200	62
#	381	8.2700	158.7200	62
#	382	8.1200	158.7200	62
#	383	7.8900	158.7200	62
#	384	7.5900	158.7200	62
#	385	9.0500	158.7200	62
#	386	8.5900	158.7200	62
#	387	8.2000	158.7200	62
#	388	7.8300	158.7200	62
#	389	7.5300	158.7200	62
#	390	7.3200	158.7200	62
#	391	7.3600	158.7200	62
#	392	7.4300	158.7200	62
#	393	7.5300	158.7200	62
#	394	7.8600	158.7200	62
#	395	8.2800	158.7200	62
#	396	8.7600	158.7200	62
#	397	9.2400	158.7200	62
#	398	9.7400	158.7200	62
#	399	10.2900	158.7200	62
#	400	10.8600	158.7200	62
#	401	11.3800	158.7200	62
#	402	11.8800	158.7200	62
#	403	12.3300	158.7200	62
#	404	12.6600	158.7200	62
#	405	12.9000	158.7200	62
#	406	13.1300	158.7200	62
#	407	13.4000	158.7200	62
#	408	13.8700	158.7200	62
#	409	14.4100	158.7200	62
#	410	14.8800	158.7200	62
#	411	15.2500	158.7200	62
#	412	15.7200	158.7200	62
#	413	16.2100	158.7200	62
#	414	16.5400	158.7200	62
#	415	16.8600	158.7200	62
#	416	17.0600	158.7200	62
#	417	17.1500	158.7200	62
#	418	16.9700	158.7200	62
#	419	16.5800	158.7200	62
#	420	16.2400	158.7200	62
#	421	15.7800	158.7200	62
#	422	15.2000	158.7200	62
#	423	14.6300	158.7200	62
#	424	14.0600	158.7200	62
#	425	13.3500	158.7200	62
#	426	12.5500	158.7200	62
#	427	11.6600	158.7200	62
#	428	10.6000	158.7200	62
#	429	9.4900	158.7200	62
#	430	8.2600	158.7200	62
#	431	7.1300	158.7200	62
#	432	5.9800	158.7200	62
#	433	4.8300	158.7200	62
#	434	3.7100	158.7200	62
#	435	2.7500	158.7200	62
#	436	1.9700	158.7200	62
#	437	1.3600	158.7200	62
#	438	0.9800	158.7200	62
#	439	0.7500	158.7200	62
#	440	0.6000	158.7200	62
#	441	0.5700	158.7200	62
#	442	0.6700	158.7200	62
#	443	0.8300	158.7200	62
#	444	1.0100	158.7200	62
#	445	1.2200	158.7200	62
#	446	1.5000	158.7200	62
#	447	1.7700	158.7200	62
#	448	2.1100	158.7200	62
#	449	2.5300	158.7200	62
#	450	2.9800	158.7200	62
#	451	3.3500	158.7200	62
#	452	3.6900	158.7200	62
#	453	4.1000	158.7200	62
#	454	4.5800	158.7200	62
#	455	5.3800	158.7200	62
#	456	6.2200	158.7200	62
#	457	7.2700	158.7200	62
#	458	8.5300	158.7200	62
#	459	9.8000	158.7200	62
#	460	11.2200	158.7200	62
#	461	12.6500	158.7200	62
#	462	14.0200	158.7200	62
#	463	15.2900	158.7200	62
#	464	16.4600	158.7200	62
#	465	17.3100	158.7200	62
#	466	18.0300	158.7200	62
#	467	18.5800	158.7200	62
#	468	18.8300	158.7200	62
#	469	19.0900	158.7200	62
#	470	19.2500	158.7200	62
#	471	19.3600	158.7200	62
#	472	19.4900	158.7200	62
#	473	19.6100	158.7200	62
#	474	19.6100	158.7200	62
#	475	19.6700	158.7200	62
#	476	19.6300	158.7200	62
#	477	22.6600	158.7200	62
#	478	25.7500	158.7200	62
#	479	28.6600	158.7200	62
#	480	31.5800	158.7200	62
#	481	34.5000	158.7200	62
#	482	37.5100	158.7200	62
#	483	40.4800	158.7200	62
#	484	43.5300	158.7200	62
#	485	46.4600	158.7200	62
#	486	49.6500	158.7200	62
#	487	49.7800	158.7200	62
#	488	49.8600	158.7200	62
#	489	49.8400	158.7200	62
#	490	49.6700	158.7200	62
#	491	49.6000	158.7200	62
#	492	49.4800	158.7200	62
#	493	49.4600	158.7200	62
#	494	49.3600	158.7200	62
#	495	49.4200	158.7200	62
#	496	49.2300	158.7200	62
#	497	48.9000	158.7200	62
#	498	48.6800	158.7200	62
#	499	48.5700	158.7200	62
#	500	48.5500	158.7200	62
#	501	48.5600	158.7200	62
#	502	48.6000	158.7200	62
#	503	48.5700	158.7200	62
#	504	48.7700	158.7200	62
#	505	48.9500	158.7200	62
#	506	49.1900	158.7200	62
#	507	49.5300	158.7200	62
#	508	49.7500	158.7200	62
#	509	50.0400	158.7200	62
#	510	50.2000	158.7200	62
#	511	50.2500	158.7200	62
#	512	50.1200	158.7200	62
#	513	49.8200	158.7200	62
#	514	49.4400	158.7200	62
#	515	48.8600	158.7200	62
#	516	48.3500	158.7200	62
#	517	47.4900	158.7200	62
#	518	46.3400	158.7200	62
#	519	44.5300	158.7200	62
#	520	42.6800	158.7200	62
#	521	40.9400	158.7200	62
#	522	39.2300	158.7200	62
#	523	37.6800	158.7200	62
#	524	36.0200	158.7200	62
#	525	34.1800	158.7200	62
#	526	32.1000	158.7200	62
#	527	30.3200	158.7200	62
#	528	28.7300	158.7200	62
#	529	27.8300	158.7200	62
#	530	27.0100	158.7200	62
#	531	26.1400	158.7200	62
#	532	25.3600	158.7200	62
#	533	24.5500	158.7200	62
#	534	23.8100	158.7200	62
#	535	23.4300	158.7200	62
#	536	23.2600	158.7200	62
#	537	23.3000	158.7200	62
#	538	23.5600	158.7200	62
#	539	24.3400	158.7200	62
#	540	25.4000	158.7200	62
#	541	26.6500	158.7200	62
#	542	27.9400	158.7200	62
#	543	29.6600	158.7200	62
#	544	31.7600	158.7200	62
#	545	34.0400	158.7200	62
#	546	36.5200	158.7200	62
#	547	39.2600	158.7200	62
#	548	42.4700	158.7200	62
#	549	46.0300	158.7200	62
#	550	49.8700	158.7200	62
#	551	53.5500	158.7200	62
#	552	57.2600	158.7200	62
#	553	60.6000	158.7200	62
#	554	63.6000	158.7200	62
#	555	66.4300	158.7200	62
#	556	69.0100	158.7200	62
#	557	71.1800	158.7200	62
#	558	72.8700	158.7200	62
#	559	73.6000	158.7200	62
#	560	73.8100	158.7200	62
#	561	74.0000	158.7200	62
#	562	74.1100	158.7200	62
#	563	74.1700	158.7200	62
#	564	74.3500	158.7200	62
#	565	74.4200	158.7200	62
#	566	74.5200	158.7200	62
#	567	74.6400	158.7200	62
#	568	74.6600	158.7200	62
#	569	74.7400	158.7200	62
#	570	74.7600	158.7200	62
#	571	74.7700	158.7200	62
#	572	74.7700	158.7200	62
#	573	74.7600	158.7200	62
#	574	74.6600	158.7200	62
#	575	74.6200	158.7200	62
#	576	74.5700	158.7200	62
#	577	74.4700	158.7200	62
#	578	74.4000	158.7200	62
#	579	74.2600	158.7200	62
#	580	74.2400	158.7200	62
#	581	74.2500	158.7200	62
#	582	74.2400	158.7200	62
#	583	74.2300	158.7200	62
#	584	74.2100	158.7200	62
#	585	74.1500	158.7200	62
#	586	74.1300	158.7200	62
#	587	74.1300	158.7200	62
#	588	74.1500	158.7200	62
#	589	74.2100	158.7200	62
#	590	74.2100	158.7200	62
#	591	74.1700	158.7200	62
#	592	74.1800	158.7200	62
#	593	74.2100	158.7200	62
#	594	74.1600	158.7200	62
#	595	74.0900	158.7200	62
#	596	73.9500	158.7200	62
#	597	73.9100	158.7200	62
#	598	73.8200	158.7200	62
#	599	73.6700	158.7200	62
#	600	73.5000	158.7200	62
#	601	73.3300	158.7200	62
#	602	73.1700	158.7200	62
#	603	72.9900	158.7200	62
#	604	72.8900	158.7200	62
#	605	72.8500	158.7200	62
#	606	72.7000	158.7200	62
#	607	72.4500	158.7200	62
#	608	72.0700	158.7200	62
#	609	71.4200	158.7200	62
#	610	70.4400	158.7200	62
#	611	69.2100	158.7200	62
#	612	67.0100	158.7200	62
#	613	64.6400	158.7200	62
#	614	61.9700	158.7200	62
#	615	58.6100	158.7200	62
#	616	54.9400	158.7200	62
#	617	51.1600	158.7200	62
#	618	46.9100	158.7200	62
#	619	42.7300	158.7200	62
#	620	38.7100	158.7200	62
#	621	35.0500	158.7200	62
#	622	32.5900	158.7200	62
#	623	30.4800	158.7200	62
#	624	28.6100	158.7200	62
#	625	27.5900	158.7200	62
#	626	26.7700	158.7200	62
#	627	26.0400	158.7200	62
#	628	25.9500	158.7200	62
#	629	26.0900	158.7200	62
#	630	26.4900	158.7200	62
#	631	26.8800	158.7200	62
#	632	27.1200	158.7200	62
#	633	27.0800	158.7200	62
#	634	27.0600	158.7200	62
#	635	26.7400	158.7200	62
#	636	26.5000	158.7200	62
#	637	26.1700	158.7200	62
#	638	25.6600	158.7200	62
#	639	25.0800	158.7200	62
#	640	24.3900	158.7200	62
#	641	23.6100	158.7200	62
#	642	22.7700	158.7200	62
#	643	22.3700	158.7200	62
#	644	22.2600	158.7200	62
#	645	22.3300	158.7200	62
#	646	22.6800	158.7200	62
#	647	23.3800	158.7200	62
#	648	24.3300	158.7200	62
#	649	25.3800	158.7200	62
#	650	26.5400	158.7200	62
#	651	27.8000	158.7200	62
#	652	29.0200	158.7200	62
#	653	29.9300	158.7200	62
#	654	30.6100	158.7200	62
#	655	31.2400	158.7200	62
#	656	31.7200	158.7200	62
#	657	31.9900	158.7200	62
#	658	32.1700	158.7200	62
#	659	32.3500	158.7200	62
#	660	32.3300	158.7200	62
#	661	32.2100	158.7200	62
#	662	31.9800	158.7200	62
#	663	31.6900	158.7200	62
#	664	31.4300	158.7200	62
#	665	31.0600	158.7200	62
#	666	30.7500	158.7200	62
#	667	30.3600	158.7200	62
#	668	29.9500	158.7200	62
#	669	29.4200	158.7200	62
#	670	29.0700	158.7200	62
#	671	28.7500	158.7200	62
#	672	28.6600	158.7200	62
#	673	28.5700	158.7200	62
#	674	28.5100	158.7200	62
#	675	28.5700	158.7200	62
#	676	28.6400	158.7200	62
#	677	28.7600	158.7200	62
#	678	28.9300	158.7200	62
#	679	29.1900	158.7200	62
#	680	29.4400	158.7200	62
#	681	29.6200	158.7200	62
#	682	29.7300	158.7200	62
#	683	29.8100	158.7200	62
#	684	29.7700	158.7200	62
#	685	29.6600	158.7200	62
#	686	29.4800	158.7200	62
#	687	29.3100	158.7200	62
#	688	29.1400	158.7200	62
#	689	28.8900	158.7200	62
#	690	28.5900	158.7200	62
#	691	28.3900	158.7200	62
#	692	28.0700	158.7200	62
#	693	27.7900	158.7200	62
#	694	27.6400	158.7200	62
#	695	27.5400	158.7200	62
#	696	27.4900	158.7200	62
#	697	27.4200	158.7200	62
#	698	27.3600	158.7200	62
#	699	27.3800	158.7200	62
#	700	27.4500	158.7200	62
#	701	27.4600	158.7200	62
#	702	27.4800	158.7200	62
#	703	27.3400	158.7200	62
#	704	26.9800	158.7200	62
#	705	26.4600	158.7200	62
#	706	25.8100	158.7200	62
#	707	25.0600	158.7200	62
#	708	24.1600	158.7200	62
#	709	23.1000	158.7200	62
#	710	21.9600	158.7200	62
#	711	20.8300	158.7200	62
#	712	19.5700	158.7200	62
#	713	18.2600	158.7200	62
#	714	16.9700	158.7200	62
#	715	15.6100	158.7200	62
#	716	14.1400	158.7200	62
#	717	12.7200	158.7200	62
#	718	11.4600	158.7200	62
#	719	10.0800	158.7200	62
#	720	8.7100	158.7200	62
#	721	7.2700	158.7200	62
#	722	5.9900	158.7200	62
#	723	4.9200	158.7200	62
#	724	3.9800	158.7200	62
#	725	3.2500	158.7200	62
#	726	2.7500	158.7200	62
#	727	2.3400	158.7200	62
#	728	1.9500	158.7200	62
#	729	1.9100	158.7200	62
#	730	2.1700	158.7200	62
#	731	2.5400	158.7200	62
#	732	3.0600	158.7200	62
#	733	3.7600	158.7200	62
#	734	4.4900	158.7200	62
#	735	5.3200	158.7200	62
#	736	6.4900	158.7200	62
#	737	7.7400	158.7200	62
#	738	9.0900	158.7200	62
#	739	10.4500	158.7200	62
#	740	11.5000	158.7200	62
#	741	12.6100	158.7200	62
#	742	13.7400	158.7200	62
#	743	14.8700	158.7200	62
#	744	16.2000	158.7200	62
#	745	17.5500	158.7200	62
#	746	18.5700	158.7200	62
#	747	19.5600	158.7200	62
#	748	20.3700	158.7200	62
#	749	21.0800	158.7200	62
#	750	21.9000	158.7200	62
#	751	22.5500	158.7200	62
#	752	23.0600	158.7200	62
#	753	23.3600	158.7200	62
#	754	23.3800	158.7200	62
#	755	23.3100	158.7200	62
#	756	23.2100	158.7200	62
#	757	23.0100	158.7200	62
#	758	22.8100	158.7200	62
#	759	22.4300	158.7200	62
#	760	21.9800	158.7200	62
#	761	21.4600	158.7200	62
#	762	21.0100	158.7200	62
#	763	20.6000	158.7200	62
#	764	20.3500	158.7200	62
#	765	20.1600	158.7200	62
#	766	20.0000	158.7200	62
#	767	19.9300	158.7200	62
#	768	19.9500	158.7200	62
#	769	20.1600	158.7200	62
#	770	20.4000	158.7200	62
#	771	20.7600	158.7200	62
#	772	21.0300	158.7200	62
#	773	21.3600	158.7200	62
#	774	21.5400	158.7200	62
#	775	21.6200	158.7200	62
#	776	21.5900	158.7200	62
#	777	21.4700	158.7200	62
#	778	21.2200	158.7200	62
#	779	20.9400	158.7200	62
#	780	20.6300	158.7200	62
#	781	20.2800	158.7200	62
#	782	20.0200	158.7200	62
#	783	19.6700	158.7200	62
#	784	19.3000	158.7200	62
#	785	18.8700	158.7200	62
#	786	18.5100	158.7200	62
#	787	18.2100	158.7200	62
#	788	18.1000	158.7200	62
#	789	18.1200	158.7200	62
#	790	18.2200	158.7200	62
#	791	18.3800	158.7200	62
#	792	18.5000	158.7200	62
#	793	18.6300	158.7200	62
#	794	18.8500	158.7200	62
#	795	19.1700	158.7200	62
#	796	19.4900	158.7200	62
#	797	19.7500	158.7200	62
#	798	19.8000	158.7200	62
#	799	19.6600	158.7200	62
#	800	19.3800	158.7200	62
#	801	18.9500	158.7200	62
#	802	18.5700	158.7200	62
#	803	18.0100	158.7200	62
#	804	17.3100	158.7200	62
#	805	16.4100	158.7200	62
#	806	15.4400	158.7200	62
#	807	14.6400	158.7200	62
#	808	13.9000	158.7200	62
#	809	12.8800	158.7200	62
#	810	11.9100	158.7200	62
#	811	10.8700	158.7200	62
#	812	9.7500	158.7200	62
#	813	8.7000	158.7200	62
#	814	7.6700	158.7200	62
#	815	6.7900	158.7200	62
#	816	5.9400	158.7200	62
#	817	4.8600	158.7200	62
#	818	3.8100	158.7200	62
#	819	3.1100	158.7200	62
#	820	2.4400	158.7200	62
#	821	1.9900	158.7200	62
#	822	1.5700	158.7200	62
#	823	1.2600	158.7200	62
#	824	1.0700	158.7200	62
#	825	1.0200	158.7200	62
#	826	1.1500	158.7200	62
#	827	1.4800	158.7200	62
#	828	1.8600	158.7200	62
#	829	2.3600	158.7200	62
#	830	2.8900	158.7200	62
#	831	3.4700	158.7200	62
#	832	4.1400	158.7200	62
#	833	4.9900	158.7200	62
#	834	5.8100	158.7200	62
#	835	6.6100	158.7200	62
#	836	7.4300	158.7200	62
#	837	8.0900	158.7200	62
#	838	8.7100	158.7200	62
#	839	9.2800	158.7200	62
#	840	9.8800	158.7200	62
#	841	10.4600	158.7200	62
#	842	11.0100	158.7200	62
#	843	11.4000	158.7200	62
#	844	11.8000	158.7200	62
#	845	12.1000	158.7200	62
#	846	12.3000	158.7200	62
#	847	12.5000	158.7200	62
#	848	12.6900	158.7200	62
#	849	12.8200	158.7200	62
#	850	12.9800	158.7200	62
#	851	13.1200	158.7200	62
#	852	13.2400	158.7200	62
#	853	13.4000	158.7200	62
#	854	13.5900	158.7200	62
#	855	13.7500	158.7200	62
#	856	13.8500	158.7200	62
#	857	13.9700	158.7200	62
#	858	14.1100	158.7200	62
#	859	14.2500	158.7200	62
#	860	14.3400	158.7200	62
#	861	14.4300	158.7200	62
#	862	14.4800	158.7200	62
#	863	14.5300	158.7200	62
#	864	14.6200	158.7200	62
#	865	14.7400	158.7200	62
#	866	14.8800	158.7200	62
#	867	15.0000	158.7200	62
#	868	15.1600	158.7200	62
#	869	15.2900	158.7200	62
#	870	15.4500	158.7200	62
#	871	15.6200	158.7200	62
#	872	15.7700	158.7200	62
#	873	15.7600	158.7200	62
#	874	15.6000	158.7200	62
#	875	15.4100	158.7200	62
#	876	15.2100	158.7200	62
#	877	15.0000	158.7200	62
#	878	14.7700	158.7200	62
#	879	14.4600	158.7200	62
#	880	14.0900	158.7200	62
#	881	13.6300	158.7200	62
#	882	13.2300	158.7200	62
#	883	12.9300	158.7200	62
#	884	12.7100	158.7200	62
#	885	12.5200	158.7200	62
#	886	12.3200	158.7200	62
#	887	12.1400	158.7200	62
#	888	11.9400	158.7200	62
#	889	11.8000	158.7200	62
#	890	11.7300	158.7200	62
#	891	11.7100	158.7200	62
#	892	11.6500	158.7200	62
#	893	11.5600	158.7200	62
#	894	11.5300	158.7200	62
#	895	11.4800	158.7200	62
#	896	11.4700	158.7200	62
#	897	11.3700	158.7200	62
#	898	11.2900	158.7200	62
#	899	11.1700	158.7200	62
#	900	10.9500	158.7200	62
#	901	10.6400	158.7200	62
#	902	10.2600	158.7200	62
#	903	9.7800	158.7200	62
#	904	9.1600	158.7200	62
#	905	8.4600	158.7200	62
#	906	7.6000	158.7200	62
#	907	6.7400	158.7200	62
#	908	5.8700	158.7200	62
#	909	4.9200	158.7200	62
#	910	4.0500	158.7200	62
#	911	3.2800	158.7200	62
#	912	2.5400	158.7200	62
#	913	1.9300	158.7200	62
#	914	1.4300	158.7200	62
#	915	0.9900	158.7200	62
#	916	0.7200	158.7200	62
#	917	0.5400	158.7200	62
#	918	0.3900	158.7200	62
#	919	0.3800	158.7200	62
#	920	0.4000	158.7200	62
#	921	0.3900	158.7200	62
#	922	0.4700	158.7200	62
#	923	0.5700	158.7200	62
#	924	0.8100	158.7200	62
#	925	1.1900	158.7200	62
#	926	1.6400	158.7200	62
#	927	2.3100	158.7200	62
#	928	3.1500	158.7200	62
#	929	4.0800	158.7200	62
#	930	5.0100	158.7200	62
#	931	6.0700	158.7200	62
#	932	7.1100	158.7200	62
#	933	8.1900	158.7200	62
#	934	9.1100	158.7200	62
#	935	9.8900	158.7200	62
#	936	10.6000	158.7200	62
#	937	11.1200	158.7200	62
#	938	11.5000	158.7200	62
#	939	11.8000	158.7200	62
#	940	12.0700	158.7200	62
#	941	12.2300	158.7200	62
#	942	12.4200	158.7200	62
#	943	12.6000	158.7200	62
#	944	12.8000	158.7200	62
#	945	13.0100	158.7200	62
#	946	13.1900	158.7200	62
#	947	13.4400	158.7200	62
#	948	13.7300	158.7200	62
#	949	14.1000	158.7200	62
#	950	14.5600	158.7200	62
#	951	14.9800	158.7200	62
#	952	15.4200	158.7200	62
#	953	15.7500	158.7200	62
#	954	16.1100	158.7200	62
#	955	16.5000	158.7200	62
#	956	16.8600	158.7200	62
#	957	17.1000	158.7200	62
#	958	17.2000	158.7200	62
#	959	17.2100	158.7200	62
#	960	17.1900	158.7200	62
</DQYC::GX.FengPDC>
