<!System=OMS	Version=3.3	Code=UTF-8	Data=1.0!>
//短期功率预测信息监测
<DQYC::GX.LiuHLDZ	Date='2025-12-14'	Time='00-15-00'>
@	时间顺序列	功率预测	计划开机容量	运行台数	
#	1	0.0000	83.6000	26	
#	2	0.0000	83.6000	26	
#	3	0.0000	83.6000	26	
#	4	0.0000	83.6000	26	
#	5	0.0000	83.6000	26	
#	6	0.0000	83.6000	26	
#	7	0.0000	83.6000	26	
#	8	0.0000	83.6000	26	
#	9	0.0000	83.6000	26	
#	10	0.0000	83.6000	26	
#	11	0.0000	83.6000	26	
#	12	0.0000	83.6000	26	
#	13	0.0000	83.6000	26	
#	14	0.0000	83.6000	26	
#	15	0.0000	83.6000	26	
#	16	0.0000	83.6000	26	
#	17	0.0000	83.6000	26	
#	18	0.0000	83.6000	26	
#	19	0.0000	83.6000	26	
#	20	0.0000	83.6000	26	
#	21	0.0000	83.6000	26	
#	22	0.0000	83.6000	26	
#	23	0.0000	83.6000	26	
#	24	0.0000	83.6000	26	
#	25	0.0000	83.6000	26	
#	26	0.0000	83.6000	26	
#	27	0.0000	83.6000	26	
#	28	0.0000	83.6000	26	
#	29	0.0000	83.6000	26	
#	30	0.1980	83.6000	26	
#	31	1.1970	83.6000	26	
#	32	2.7540	83.6000	26	
#	33	4.9500	83.6000	26	
#	34	7.3890	83.6000	26	
#	35	9.9630	83.6000	26	
#	36	13.4370	83.6000	26	
#	37	18.0990	83.6000	26	
#	38	24.1200	83.6000	26	
#	39	29.8620	83.6000	26	
#	40	34.8390	83.6000	26	
#	41	38.5380	83.6000	26	
#	42	41.9130	83.6000	26	
#	43	44.8380	83.6000	26	
#	44	47.7720	83.6000	26	
#	45	49.9410	83.6000	26	
#	46	51.9750	83.6000	26	
#	47	53.1900	83.6000	26	
#	48	54.5670	83.6000	26	
#	49	55.5390	83.6000	26	
#	50	56.4390	83.6000	26	
#	51	56.7360	83.6000	26	
#	52	56.4660	83.6000	26	
#	53	55.8360	83.6000	26	
#	54	55.1160	83.6000	26	
#	55	54.2700	83.6000	26	
#	56	53.3700	83.6000	26	
#	57	51.8400	83.6000	26	
#	58	49.9590	83.6000	26	
#	59	47.0790	83.6000	26	
#	60	43.9920	83.6000	26	
#	61	40.5090	83.6000	26	
#	62	36.7470	83.6000	26	
#	63	31.8600	83.6000	26	
#	64	26.0640	83.6000	26	
#	65	20.0520	83.6000	26	
#	66	15.0570	83.6000	26	
#	67	11.0880	83.6000	26	
#	68	7.9740	83.6000	26	
#	69	5.1840	83.6000	26	
#	70	2.9070	83.6000	26	
#	71	1.0170	83.6000	26	
#	72	0.0000	83.6000	26	
#	73	0.0000	83.6000	26	
#	74	0.0000	83.6000	26	
#	75	0.0000	83.6000	26	
#	76	0.0000	83.6000	26	
#	77	0.0000	83.6000	26	
#	78	0.0000	83.6000	26	
#	79	0.0000	83.6000	26	
#	80	0.0000	83.6000	26	
#	81	0.0000	83.6000	26	
#	82	0.0000	83.6000	26	
#	83	0.0000	83.6000	26	
#	84	0.0000	83.6000	26	
#	85	0.0000	83.6000	26	
#	86	0.0000	83.6000	26	
#	87	0.0000	83.6000	26	
#	88	0.0000	83.6000	26	
#	89	0.0000	83.6000	26	
#	90	0.0000	83.6000	26	
#	91	0.0000	83.6000	26	
#	92	0.0000	83.6000	26	
#	93	0.0000	83.6000	26	
#	94	0.0000	83.6000	26	
#	95	0.0000	83.6000	26	
#	96	0.0000	83.6000	26	
#	97	0.0000	83.6000	26	
#	98	0.0000	83.6000	26	
#	99	0.0000	83.6000	26	
#	100	0.0000	83.6000	26	
#	101	0.0000	83.6000	26	
#	102	0.0000	83.6000	26	
#	103	0.0000	83.6000	26	
#	104	0.0000	83.6000	26	
#	105	0.0000	83.6000	26	
#	106	0.0000	83.6000	26	
#	107	0.0000	83.6000	26	
#	108	0.0000	83.6000	26	
#	109	0.0000	83.6000	26	
#	110	0.0000	83.6000	26	
#	111	0.0000	83.6000	26	
#	112	0.0000	83.6000	26	
#	113	0.0000	83.6000	26	
#	114	0.0000	83.6000	26	
#	115	0.0000	83.6000	26	
#	116	0.0000	83.6000	26	
#	117	0.0000	83.6000	26	
#	118	0.0000	83.6000	26	
#	119	0.0000	83.6000	26	
#	120	0.0000	83.6000	26	
#	121	0.0000	83.6000	26	
#	122	0.0000	83.6000	26	
#	123	0.0000	83.6000	26	
#	124	0.0000	83.6000	26	
#	125	0.0000	83.6000	26	
#	126	0.1900	83.6000	26	
#	127	1.1700	83.6000	26	
#	128	2.6800	83.6000	26	
#	129	4.7000	83.6000	26	
#	130	6.9700	83.6000	26	
#	131	9.3000	83.6000	26	
#	132	12.1800	83.6000	26	
#	133	15.5400	83.6000	26	
#	134	19.4400	83.6000	26	
#	135	23.0100	83.6000	26	
#	136	26.3700	83.6000	26	
#	137	29.4300	83.6000	26	
#	138	32.5700	83.6000	26	
#	139	35.1600	83.6000	26	
#	140	36.9800	83.6000	26	
#	141	38.1400	83.6000	26	
#	142	39.3200	83.6000	26	
#	143	40.6800	83.6000	26	
#	144	42.0700	83.6000	26	
#	145	43.2200	83.6000	26	
#	146	44.1300	83.6000	26	
#	147	44.6300	83.6000	26	
#	148	44.3900	83.6000	26	
#	149	43.3900	83.6000	26	
#	150	42.0000	83.6000	26	
#	151	41.0000	83.6000	26	
#	152	40.7100	83.6000	26	
#	153	41.1700	83.6000	26	
#	154	41.7500	83.6000	26	
#	155	41.6500	83.6000	26	
#	156	39.9000	83.6000	26	
#	157	36.8500	83.6000	26	
#	158	33.0200	83.6000	26	
#	159	28.9000	83.6000	26	
#	160	24.0700	83.6000	26	
#	161	18.8900	83.6000	26	
#	162	14.3600	83.6000	26	
#	163	11.0100	83.6000	26	
#	164	8.4400	83.6000	26	
#	165	5.9700	83.6000	26	
#	166	3.5800	83.6000	26	
#	167	1.3700	83.6000	26	
#	168	0.0000	83.6000	26	
#	169	0.0000	83.6000	26	
#	170	0.0000	83.6000	26	
#	171	0.0000	83.6000	26	
#	172	0.0000	83.6000	26	
#	173	0.0000	83.6000	26	
#	174	0.0000	83.6000	26	
#	175	0.0000	83.6000	26	
#	176	0.0000	83.6000	26	
#	177	0.0000	83.6000	26	
#	178	0.0000	83.6000	26	
#	179	0.0000	83.6000	26	
#	180	0.0000	83.6000	26	
#	181	0.0000	83.6000	26	
#	182	0.0000	83.6000	26	
#	183	0.0000	83.6000	26	
#	184	0.0000	83.6000	26	
#	185	0.0000	83.6000	26	
#	186	0.0000	83.6000	26	
#	187	0.0000	83.6000	26	
#	188	0.0000	83.6000	26	
#	189	0.0000	83.6000	26	
#	190	0.0000	83.6000	26	
#	191	0.0000	83.6000	26	
#	192	0.0000	83.6000	26	
#	193	0.0000	83.6000	26	
#	194	0.0000	83.6000	26	
#	195	0.0000	83.6000	26	
#	196	0.0000	83.6000	26	
#	197	0.0000	83.6000	26	
#	198	0.0000	83.6000	26	
#	199	0.0000	83.6000	26	
#	200	0.0000	83.6000	26	
#	201	0.0000	83.6000	26	
#	202	0.0000	83.6000	26	
#	203	0.0000	83.6000	26	
#	204	0.0000	83.6000	26	
#	205	0.0000	83.6000	26	
#	206	0.0000	83.6000	26	
#	207	0.0000	83.6000	26	
#	208	0.0000	83.6000	26	
#	209	0.0000	83.6000	26	
#	210	0.0000	83.6000	26	
#	211	0.0000	83.6000	26	
#	212	0.0000	83.6000	26	
#	213	0.0000	83.6000	26	
#	214	0.0000	83.6000	26	
#	215	0.0000	83.6000	26	
#	216	0.0000	83.6000	26	
#	217	0.0000	83.6000	26	
#	218	0.0000	83.6000	26	
#	219	0.0000	83.6000	26	
#	220	0.0000	83.6000	26	
#	221	0.0000	83.6000	26	
#	222	0.1100	83.6000	26	
#	223	0.7100	83.6000	26	
#	224	1.5900	83.6000	26	
#	225	2.7900	83.6000	26	
#	226	3.9800	83.6000	26	
#	227	5.0700	83.6000	26	
#	228	6.0700	83.6000	26	
#	229	7.0900	83.6000	26	
#	230	8.2500	83.6000	26	
#	231	9.6800	83.6000	26	
#	232	11.2900	83.6000	26	
#	233	12.8000	83.6000	26	
#	234	13.8100	83.6000	26	
#	235	14.3400	83.6000	26	
#	236	14.8100	83.6000	26	
#	237	15.4200	83.6000	26	
#	238	16.2200	83.6000	26	
#	239	16.7600	83.6000	26	
#	240	17.0700	83.6000	26	
#	241	17.1900	83.6000	26	
#	242	17.2700	83.6000	26	
#	243	17.2600	83.6000	26	
#	244	17.1300	83.6000	26	
#	245	16.9800	83.6000	26	
#	246	16.6800	83.6000	26	
#	247	16.2300	83.6000	26	
#	248	15.6700	83.6000	26	
#	249	15.2800	83.6000	26	
#	250	15.0300	83.6000	26	
#	251	14.7100	83.6000	26	
#	252	14.1400	83.6000	26	
#	253	13.2600	83.6000	26	
#	254	12.1400	83.6000	26	
#	255	10.7400	83.6000	26	
#	256	9.1900	83.6000	26	
#	257	7.6700	83.6000	26	
#	258	6.3500	83.6000	26	
#	259	5.1700	83.6000	26	
#	260	4.0700	83.6000	26	
#	261	2.9200	83.6000	26	
#	262	1.8000	83.6000	26	
#	263	0.6800	83.6000	26	
#	264	0.0000	83.6000	26	
#	265	0.0000	83.6000	26	
#	266	0.0000	83.6000	26	
#	267	0.0000	83.6000	26	
#	268	0.0000	83.6000	26	
#	269	0.0000	83.6000	26	
#	270	0.0000	83.6000	26	
#	271	0.0000	83.6000	26	
#	272	0.0000	83.6000	26	
#	273	0.0000	83.6000	26	
#	274	0.0000	83.6000	26	
#	275	0.0000	83.6000	26	
#	276	0.0000	83.6000	26	
#	277	0.0000	83.6000	26	
#	278	0.0000	83.6000	26	
#	279	0.0000	83.6000	26	
#	280	0.0000	83.6000	26	
#	281	0.0000	83.6000	26	
#	282	0.0000	83.6000	26	
#	283	0.0000	83.6000	26	
#	284	0.0000	83.6000	26	
#	285	0.0000	83.6000	26	
#	286	0.0000	83.6000	26	
#	287	0.0000	83.6000	26	
#	288	0.0000	83.6000	26	
#	289	0.0000	83.6000	26	
#	290	0.0000	83.6000	26	
#	291	0.0000	83.6000	26	
#	292	0.0000	83.6000	26	
#	293	0.0000	83.6000	26	
#	294	0.0000	83.6000	26	
#	295	0.0000	83.6000	26	
#	296	0.0000	83.6000	26	
#	297	0.0000	83.6000	26	
#	298	0.0000	83.6000	26	
#	299	0.0000	83.6000	26	
#	300	0.0000	83.6000	26	
#	301	0.0000	83.6000	26	
#	302	0.0000	83.6000	26	
#	303	0.0000	83.6000	26	
#	304	0.0000	83.6000	26	
#	305	0.0000	83.6000	26	
#	306	0.0000	83.6000	26	
#	307	0.0000	83.6000	26	
#	308	0.0000	83.6000	26	
#	309	0.0000	83.6000	26	
#	310	0.0000	83.6000	26	
#	311	0.0000	83.6000	26	
#	312	0.0000	83.6000	26	
#	313	0.0000	83.6000	26	
#	314	0.0000	83.6000	26	
#	315	0.0000	83.6000	26	
#	316	0.0000	83.6000	26	
#	317	0.0000	83.6000	26	
#	318	0.0400	83.6000	26	
#	319	0.6100	83.6000	26	
#	320	1.4800	83.6000	26	
#	321	2.7400	83.6000	26	
#	322	4.2200	83.6000	26	
#	323	5.8000	83.6000	26	
#	324	7.3600	83.6000	26	
#	325	9.2400	83.6000	26	
#	326	11.4000	83.6000	26	
#	327	13.9200	83.6000	26	
#	328	16.0900	83.6000	26	
#	329	18.3400	83.6000	26	
#	330	20.6000	83.6000	26	
#	331	23.2700	83.6000	26	
#	332	25.5800	83.6000	26	
#	333	27.5500	83.6000	26	
#	334	29.3000	83.6000	26	
#	335	30.8700	83.6000	26	
#	336	32.2000	83.6000	26	
#	337	33.0900	83.6000	26	
#	338	34.0100	83.6000	26	
#	339	34.7300	83.6000	26	
#	340	34.9000	83.6000	26	
#	341	34.0600	83.6000	26	
#	342	32.7500	83.6000	26	
#	343	31.0800	83.6000	26	
#	344	29.7900	83.6000	26	
#	345	28.2500	83.6000	26	
#	346	26.8700	83.6000	26	
#	347	25.1800	83.6000	26	
#	348	23.6400	83.6000	26	
#	349	22.2700	83.6000	26	
#	350	20.8900	83.6000	26	
#	351	18.9800	83.6000	26	
#	352	16.0400	83.6000	26	
#	353	12.5100	83.6000	26	
#	354	9.2400	83.6000	26	
#	355	6.7200	83.6000	26	
#	356	4.8500	83.6000	26	
#	357	3.2800	83.6000	26	
#	358	1.9600	83.6000	26	
#	359	0.8200	83.6000	26	
#	360	0.0000	83.6000	26	
#	361	0.0000	83.6000	26	
#	362	0.0000	83.6000	26	
#	363	0.0000	83.6000	26	
#	364	0.0000	83.6000	26	
#	365	0.0000	83.6000	26	
#	366	0.0000	83.6000	26	
#	367	0.0000	83.6000	26	
#	368	0.0000	83.6000	26	
#	369	0.0000	83.6000	26	
#	370	0.0000	83.6000	26	
#	371	0.0000	83.6000	26	
#	372	0.0000	83.6000	26	
#	373	0.0000	83.6000	26	
#	374	0.0000	83.6000	26	
#	375	0.0000	83.6000	26	
#	376	0.0000	83.6000	26	
#	377	0.0000	83.6000	26	
#	378	0.0000	83.6000	26	
#	379	0.0000	83.6000	26	
#	380	0.0000	83.6000	26	
#	381	0.0000	83.6000	26	
#	382	0.0000	83.6000	26	
#	383	0.0000	83.6000	26	
#	384	0.0000	83.6000	26	
#	385	0.0000	83.6000	26	
#	386	0.0000	83.6000	26	
#	387	0.0000	83.6000	26	
#	388	0.0000	83.6000	26	
#	389	0.0000	83.6000	26	
#	390	0.0000	83.6000	26	
#	391	0.0000	83.6000	26	
#	392	0.0000	83.6000	26	
#	393	0.0000	83.6000	26	
#	394	0.0000	83.6000	26	
#	395	0.0000	83.6000	26	
#	396	0.0000	83.6000	26	
#	397	0.0000	83.6000	26	
#	398	0.0000	83.6000	26	
#	399	0.0000	83.6000	26	
#	400	0.0000	83.6000	26	
#	401	0.0000	83.6000	26	
#	402	0.0000	83.6000	26	
#	403	0.0000	83.6000	26	
#	404	0.0000	83.6000	26	
#	405	0.0000	83.6000	26	
#	406	0.0000	83.6000	26	
#	407	0.0000	83.6000	26	
#	408	0.0000	83.6000	26	
#	409	0.0000	83.6000	26	
#	410	0.0000	83.6000	26	
#	411	0.0000	83.6000	26	
#	412	0.0000	83.6000	26	
#	413	0.0000	83.6000	26	
#	414	0.0700	83.6000	26	
#	415	0.8000	83.6000	26	
#	416	1.9600	83.6000	26	
#	417	3.5900	83.6000	26	
#	418	5.4800	83.6000	26	
#	419	7.3400	83.6000	26	
#	420	9.1600	83.6000	26	
#	421	11.1600	83.6000	26	
#	422	13.6100	83.6000	26	
#	423	16.4500	83.6000	26	
#	424	19.2700	83.6000	26	
#	425	22.1400	83.6000	26	
#	426	25.1200	83.6000	26	
#	427	28.2600	83.6000	26	
#	428	30.9600	83.6000	26	
#	429	32.9900	83.6000	26	
#	430	34.4400	83.6000	26	
#	431	35.6900	83.6000	26	
#	432	37.0300	83.6000	26	
#	433	38.2500	83.6000	26	
#	434	39.1100	83.6000	26	
#	435	39.2500	83.6000	26	
#	436	38.5900	83.6000	26	
#	437	37.1900	83.6000	26	
#	438	35.5700	83.6000	26	
#	439	34.0800	83.6000	26	
#	440	32.9800	83.6000	26	
#	441	31.6100	83.6000	26	
#	442	30.0200	83.6000	26	
#	443	27.9500	83.6000	26	
#	444	26.2100	83.6000	26	
#	445	24.6200	83.6000	26	
#	446	23.2100	83.6000	26	
#	447	20.9600	83.6000	26	
#	448	17.9300	83.6000	26	
#	449	14.1800	83.6000	26	
#	450	10.7800	83.6000	26	
#	451	7.9600	83.6000	26	
#	452	5.8600	83.6000	26	
#	453	4.0400	83.6000	26	
#	454	2.4400	83.6000	26	
#	455	0.9500	83.6000	26	
#	456	0.0000	83.6000	26	
#	457	0.0000	83.6000	26	
#	458	0.0000	83.6000	26	
#	459	0.0000	83.6000	26	
#	460	0.0000	83.6000	26	
#	461	0.0000	83.6000	26	
#	462	0.0000	83.6000	26	
#	463	0.0000	83.6000	26	
#	464	0.0000	83.6000	26	
#	465	0.0000	83.6000	26	
#	466	0.0000	83.6000	26	
#	467	0.0000	83.6000	26	
#	468	0.0000	83.6000	26	
#	469	0.0000	83.6000	26	
#	470	0.0000	83.6000	26	
#	471	0.0000	83.6000	26	
#	472	0.0000	83.6000	26	
#	473	0.0000	83.6000	26	
#	474	0.0000	83.6000	26	
#	475	0.0000	83.6000	26	
#	476	0.0000	83.6000	26	
#	477	0.0000	83.6000	26	
#	478	0.0000	83.6000	26	
#	479	0.0000	83.6000	26	
#	480	0.0000	83.6000	26	
#	481	0.0000	83.6000	26	
#	482	0.0000	83.6000	26	
#	483	0.0000	83.6000	26	
#	484	0.0000	83.6000	26	
#	485	0.0000	83.6000	26	
#	486	0.0000	83.6000	26	
#	487	0.0000	83.6000	26	
#	488	0.0000	83.6000	26	
#	489	0.0000	83.6000	26	
#	490	0.0000	83.6000	26	
#	491	0.0000	83.6000	26	
#	492	0.0000	83.6000	26	
#	493	0.0000	83.6000	26	
#	494	0.0000	83.6000	26	
#	495	0.0000	83.6000	26	
#	496	0.0000	83.6000	26	
#	497	0.0000	83.6000	26	
#	498	0.0000	83.6000	26	
#	499	0.0000	83.6000	26	
#	500	0.0000	83.6000	26	
#	501	0.0000	83.6000	26	
#	502	0.0000	83.6000	26	
#	503	0.0000	83.6000	26	
#	504	0.0000	83.6000	26	
#	505	0.0000	83.6000	26	
#	506	0.0000	83.6000	26	
#	507	0.0000	83.6000	26	
#	508	0.0000	83.6000	26	
#	509	0.0000	83.6000	26	
#	510	0.0800	83.6000	26	
#	511	0.9700	83.6000	26	
#	512	2.2800	83.6000	26	
#	513	4.0600	83.6000	26	
#	514	6.1200	83.6000	26	
#	515	8.3700	83.6000	26	
#	516	10.8300	83.6000	26	
#	517	13.5700	83.6000	26	
#	518	16.5800	83.6000	26	
#	519	19.8300	83.6000	26	
#	520	23.0500	83.6000	26	
#	521	26.1600	83.6000	26	
#	522	29.0800	83.6000	26	
#	523	32.0200	83.6000	26	
#	524	34.7600	83.6000	26	
#	525	36.8700	83.6000	26	
#	526	38.4600	83.6000	26	
#	527	39.7400	83.6000	26	
#	528	41.3100	83.6000	26	
#	529	42.6900	83.6000	26	
#	530	43.7700	83.6000	26	
#	531	44.1800	83.6000	26	
#	532	43.9300	83.6000	26	
#	533	43.0200	83.6000	26	
#	534	41.6200	83.6000	26	
#	535	40.1500	83.6000	26	
#	536	38.8500	83.6000	26	
#	537	37.5900	83.6000	26	
#	538	36.3000	83.6000	26	
#	539	34.3900	83.6000	26	
#	540	32.6500	83.6000	26	
#	541	30.6300	83.6000	26	
#	542	29.2600	83.6000	26	
#	543	26.5800	83.6000	26	
#	544	22.9600	83.6000	26	
#	545	17.8100	83.6000	26	
#	546	13.3200	83.6000	26	
#	547	9.9000	83.6000	26	
#	548	7.5200	83.6000	26	
#	549	5.3000	83.6000	26	
#	550	3.0800	83.6000	26	
#	551	1.0300	83.6000	26	
#	552	0.0000	83.6000	26	
#	553	0.0000	83.6000	26	
#	554	0.0000	83.6000	26	
#	555	0.0000	83.6000	26	
#	556	0.0000	83.6000	26	
#	557	0.0000	83.6000	26	
#	558	0.0000	83.6000	26	
#	559	0.0000	83.6000	26	
#	560	0.0000	83.6000	26	
#	561	0.0000	83.6000	26	
#	562	0.0000	83.6000	26	
#	563	0.0000	83.6000	26	
#	564	0.0000	83.6000	26	
#	565	0.0000	83.6000	26	
#	566	0.0000	83.6000	26	
#	567	0.0000	83.6000	26	
#	568	0.0000	83.6000	26	
#	569	0.0000	83.6000	26	
#	570	0.0000	83.6000	26	
#	571	0.0000	83.6000	26	
#	572	0.0000	83.6000	26	
#	573	0.0000	83.6000	26	
#	574	0.0000	83.6000	26	
#	575	0.0000	83.6000	26	
#	576	0.0000	83.6000	26	
#	577	0.0000	83.6000	26	
#	578	0.0000	83.6000	26	
#	579	0.0000	83.6000	26	
#	580	0.0000	83.6000	26	
#	581	0.0000	83.6000	26	
#	582	0.0000	83.6000	26	
#	583	0.0000	83.6000	26	
#	584	0.0000	83.6000	26	
#	585	0.0000	83.6000	26	
#	586	0.0000	83.6000	26	
#	587	0.0000	83.6000	26	
#	588	0.0000	83.6000	26	
#	589	0.0000	83.6000	26	
#	590	0.0000	83.6000	26	
#	591	0.0000	83.6000	26	
#	592	0.0000	83.6000	26	
#	593	0.0000	83.6000	26	
#	594	0.0000	83.6000	26	
#	595	0.0000	83.6000	26	
#	596	0.0000	83.6000	26	
#	597	0.0000	83.6000	26	
#	598	0.0000	83.6000	26	
#	599	0.0000	83.6000	26	
#	600	0.0000	83.6000	26	
#	601	0.0000	83.6000	26	
#	602	0.0000	83.6000	26	
#	603	0.0000	83.6000	26	
#	604	0.0000	83.6000	26	
#	605	0.0000	83.6000	26	
#	606	0.0000	83.6000	26	
#	607	0.3200	83.6000	26	
#	608	1.7100	83.6000	26	
#	609	3.2400	83.6000	26	
#	610	4.9100	83.6000	26	
#	611	6.6900	83.6000	26	
#	612	8.3600	83.6000	26	
#	613	9.7800	83.6000	26	
#	614	11.0600	83.6000	26	
#	615	12.5400	83.6000	26	
#	616	14.2900	83.6000	26	
#	617	16.2400	83.6000	26	
#	618	18.1100	83.6000	26	
#	619	19.8100	83.6000	26	
#	620	20.8400	83.6000	26	
#	621	21.9100	83.6000	26	
#	622	23.2500	83.6000	26	
#	623	25.5400	83.6000	26	
#	624	27.4400	83.6000	26	
#	625	28.5100	83.6000	26	
#	626	28.3100	83.6000	26	
#	627	27.3100	83.6000	26	
#	628	27.1400	83.6000	26	
#	629	28.0200	83.6000	26	
#	630	30.0800	83.6000	26	
#	631	30.6100	83.6000	26	
#	632	30.0200	83.6000	26	
#	633	28.1600	83.6000	26	
#	634	26.7600	83.6000	26	
#	635	25.0400	83.6000	26	
#	636	23.5500	83.6000	26	
#	637	22.0200	83.6000	26	
#	638	20.5600	83.6000	26	
#	639	18.4400	83.6000	26	
#	640	15.5700	83.6000	26	
#	641	12.3200	83.6000	26	
#	642	9.3900	83.6000	26	
#	643	7.0700	83.6000	26	
#	644	5.3300	83.6000	26	
#	645	3.7900	83.6000	26	
#	646	2.3200	83.6000	26	
#	647	0.8600	83.6000	26	
#	648	0.0000	83.6000	26	
#	649	0.0000	83.6000	26	
#	650	0.0000	83.6000	26	
#	651	0.0000	83.6000	26	
#	652	0.0000	83.6000	26	
#	653	0.0000	83.6000	26	
#	654	0.0000	83.6000	26	
#	655	0.0000	83.6000	26	
#	656	0.0000	83.6000	26	
#	657	0.0000	83.6000	26	
#	658	0.0000	83.6000	26	
#	659	0.0000	83.6000	26	
#	660	0.0000	83.6000	26	
#	661	0.0000	83.6000	26	
#	662	0.0000	83.6000	26	
#	663	0.0000	83.6000	26	
#	664	0.0000	83.6000	26	
#	665	0.0000	83.6000	26	
#	666	0.0000	83.6000	26	
#	667	0.0000	83.6000	26	
#	668	0.0000	83.6000	26	
#	669	0.0000	83.6000	26	
#	670	0.0000	83.6000	26	
#	671	0.0000	83.6000	26	
#	672	0.0000	83.6000	26	
#	673	0.0000	83.6000	26	
#	674	0.0000	83.6000	26	
#	675	0.0000	83.6000	26	
#	676	0.0000	83.6000	26	
#	677	0.0000	83.6000	26	
#	678	0.0000	83.6000	26	
#	679	0.0000	83.6000	26	
#	680	0.0000	83.6000	26	
#	681	0.0000	83.6000	26	
#	682	0.0000	83.6000	26	
#	683	0.0000	83.6000	26	
#	684	0.0000	83.6000	26	
#	685	0.0000	83.6000	26	
#	686	0.0000	83.6000	26	
#	687	0.0000	83.6000	26	
#	688	0.0000	83.6000	26	
#	689	0.0000	83.6000	26	
#	690	0.0000	83.6000	26	
#	691	0.0000	83.6000	26	
#	692	0.0000	83.6000	26	
#	693	0.0000	83.6000	26	
#	694	0.0000	83.6000	26	
#	695	0.0000	83.6000	26	
#	696	0.0000	83.6000	26	
#	697	0.0000	83.6000	26	
#	698	0.0000	83.6000	26	
#	699	0.0000	83.6000	26	
#	700	0.0000	83.6000	26	
#	701	0.0000	83.6000	26	
#	702	0.0000	83.6000	26	
#	703	0.4100	83.6000	26	
#	704	1.8700	83.6000	26	
#	705	3.6100	83.6000	26	
#	706	5.7300	83.6000	26	
#	707	8.0100	83.6000	26	
#	708	10.3900	83.6000	26	
#	709	12.5200	83.6000	26	
#	710	14.6900	83.6000	26	
#	711	16.6100	83.6000	26	
#	712	18.4000	83.6000	26	
#	713	20.2200	83.6000	26	
#	714	22.1800	83.6000	26	
#	715	24.8000	83.6000	26	
#	716	27.2800	83.6000	26	
#	717	29.5200	83.6000	26	
#	718	30.9900	83.6000	26	
#	719	31.1600	83.6000	26	
#	720	31.2100	83.6000	26	
#	721	30.8600	83.6000	26	
#	722	31.6400	83.6000	26	
#	723	31.4400	83.6000	26	
#	724	30.5800	83.6000	26	
#	725	28.5800	83.6000	26	
#	726	26.2600	83.6000	26	
#	727	24.0100	83.6000	26	
#	728	22.9600	83.6000	26	
#	729	23.4200	83.6000	26	
#	730	24.7900	83.6000	26	
#	731	24.9000	83.6000	26	
#	732	24.3800	83.6000	26	
#	733	23.1400	83.6000	26	
#	734	22.3000	83.6000	26	
#	735	20.1700	83.6000	26	
#	736	17.3900	83.6000	26	
#	737	13.5900	83.6000	26	
#	738	10.5000	83.6000	26	
#	739	7.8100	83.6000	26	
#	740	5.9500	83.6000	26	
#	741	4.1100	83.6000	26	
#	742	2.4400	83.6000	26	
#	743	0.7600	83.6000	26	
#	744	0.0000	83.6000	26	
#	745	0.0000	83.6000	26	
#	746	0.0000	83.6000	26	
#	747	0.0000	83.6000	26	
#	748	0.0000	83.6000	26	
#	749	0.0000	83.6000	26	
#	750	0.0000	83.6000	26	
#	751	0.0000	83.6000	26	
#	752	0.0000	83.6000	26	
#	753	0.0000	83.6000	26	
#	754	0.0000	83.6000	26	
#	755	0.0000	83.6000	26	
#	756	0.0000	83.6000	26	
#	757	0.0000	83.6000	26	
#	758	0.0000	83.6000	26	
#	759	0.0000	83.6000	26	
#	760	0.0000	83.6000	26	
#	761	0.0000	83.6000	26	
#	762	0.0000	83.6000	26	
#	763	0.0000	83.6000	26	
#	764	0.0000	83.6000	26	
#	765	0.0000	83.6000	26	
#	766	0.0000	83.6000	26	
#	767	0.0000	83.6000	26	
#	768	0.0000	83.6000	26	
#	769	0.0000	83.6000	26	
#	770	0.0000	83.6000	26	
#	771	0.0000	83.6000	26	
#	772	0.0000	83.6000	26	
#	773	0.0000	83.6000	26	
#	774	0.0000	83.6000	26	
#	775	0.0000	83.6000	26	
#	776	0.0000	83.6000	26	
#	777	0.0000	83.6000	26	
#	778	0.0000	83.6000	26	
#	779	0.0000	83.6000	26	
#	780	0.0000	83.6000	26	
#	781	0.0000	83.6000	26	
#	782	0.0000	83.6000	26	
#	783	0.0000	83.6000	26	
#	784	0.0000	83.6000	26	
#	785	0.0000	83.6000	26	
#	786	0.0000	83.6000	26	
#	787	0.0000	83.6000	26	
#	788	0.0000	83.6000	26	
#	789	0.0000	83.6000	26	
#	790	0.0000	83.6000	26	
#	791	0.0000	83.6000	26	
#	792	0.0000	83.6000	26	
#	793	0.0000	83.6000	26	
#	794	0.0000	83.6000	26	
#	795	0.0000	83.6000	26	
#	796	0.0000	83.6000	26	
#	797	0.0000	83.6000	26	
#	798	0.0000	83.6000	26	
#	799	0.3100	83.6000	26	
#	800	1.8400	83.6000	26	
#	801	3.5100	83.6000	26	
#	802	5.5800	83.6000	26	
#	803	7.5500	83.6000	26	
#	804	9.5600	83.6000	26	
#	805	11.3600	83.6000	26	
#	806	13.7400	83.6000	26	
#	807	16.4400	83.6000	26	
#	808	19.0300	83.6000	26	
#	809	21.2400	83.6000	26	
#	810	23.3700	83.6000	26	
#	811	25.5000	83.6000	26	
#	812	26.8400	83.6000	26	
#	813	27.7300	83.6000	26	
#	814	28.9300	83.6000	26	
#	815	31.1500	83.6000	26	
#	816	33.3500	83.6000	26	
#	817	35.0600	83.6000	26	
#	818	36.0900	83.6000	26	
#	819	36.8200	83.6000	26	
#	820	36.9400	83.6000	26	
#	821	36.2100	83.6000	26	
#	822	34.5000	83.6000	26	
#	823	32.4000	83.6000	26	
#	824	30.8100	83.6000	26	
#	825	30.2800	83.6000	26	
#	826	30.4200	83.6000	26	
#	827	30.0000	83.6000	26	
#	828	28.6900	83.6000	26	
#	829	26.7000	83.6000	26	
#	830	24.6500	83.6000	26	
#	831	22.3500	83.6000	26	
#	832	19.3800	83.6000	26	
#	833	15.6000	83.6000	26	
#	834	11.8700	83.6000	26	
#	835	8.6500	83.6000	26	
#	836	6.2800	83.6000	26	
#	837	4.2300	83.6000	26	
#	838	2.5800	83.6000	26	
#	839	1.2400	83.6000	26	
#	840	0.2200	83.6000	26	
#	841	0.0000	83.6000	26	
#	842	0.0000	83.6000	26	
#	843	0.0000	83.6000	26	
#	844	0.0000	83.6000	26	
#	845	0.0000	83.6000	26	
#	846	0.0000	83.6000	26	
#	847	0.0000	83.6000	26	
#	848	0.0000	83.6000	26	
#	849	0.0000	83.6000	26	
#	850	0.0000	83.6000	26	
#	851	0.0000	83.6000	26	
#	852	0.0000	83.6000	26	
#	853	0.0000	83.6000	26	
#	854	0.0000	83.6000	26	
#	855	0.0000	83.6000	26	
#	856	0.0000	83.6000	26	
#	857	0.0000	83.6000	26	
#	858	0.0000	83.6000	26	
#	859	0.0000	83.6000	26	
#	860	0.0000	83.6000	26	
#	861	0.0000	83.6000	26	
#	862	0.0000	83.6000	26	
#	863	0.0000	83.6000	26	
#	864	0.0000	83.6000	26	
#	865	0.0000	83.6000	26	
#	866	0.0000	83.6000	26	
#	867	0.0000	83.6000	26	
#	868	0.0000	83.6000	26	
#	869	0.0000	83.6000	26	
#	870	0.0000	83.6000	26	
#	871	0.0000	83.6000	26	
#	872	0.0000	83.6000	26	
#	873	0.0000	83.6000	26	
#	874	0.0000	83.6000	26	
#	875	0.0000	83.6000	26	
#	876	0.0000	83.6000	26	
#	877	0.0000	83.6000	26	
#	878	0.0000	83.6000	26	
#	879	0.0000	83.6000	26	
#	880	0.0000	83.6000	26	
#	881	0.0000	83.6000	26	
#	882	0.0000	83.6000	26	
#	883	0.0000	83.6000	26	
#	884	0.0000	83.6000	26	
#	885	0.0000	83.6000	26	
#	886	0.0000	83.6000	26	
#	887	0.0000	83.6000	26	
#	888	0.0000	83.6000	26	
#	889	0.0000	83.6000	26	
#	890	0.0000	83.6000	26	
#	891	0.0000	83.6000	26	
#	892	0.0000	83.6000	26	
#	893	0.0000	83.6000	26	
#	894	0.0000	83.6000	26	
#	895	0.1600	83.6000	26	
#	896	1.7100	83.6000	26	
#	897	3.3800	83.6000	26	
#	898	5.4600	83.6000	26	
#	899	7.4500	83.6000	26	
#	900	9.4600	83.6000	26	
#	901	11.0500	83.6000	26	
#	902	12.8800	83.6000	26	
#	903	14.9900	83.6000	26	
#	904	17.2400	83.6000	26	
#	905	19.5700	83.6000	26	
#	906	21.4900	83.6000	26	
#	907	23.4100	83.6000	26	
#	908	24.5000	83.6000	26	
#	909	25.8800	83.6000	26	
#	910	27.5100	83.6000	26	
#	911	30.2200	83.6000	26	
#	912	32.7300	83.6000	26	
#	913	34.5600	83.6000	26	
#	914	35.3100	83.6000	26	
#	915	35.0600	83.6000	26	
#	916	34.4600	83.6000	26	
#	917	33.4600	83.6000	26	
#	918	32.0900	83.6000	26	
#	919	29.9000	83.6000	26	
#	920	28.3300	83.6000	26	
#	921	28.0200	83.6000	26	
#	922	28.8800	83.6000	26	
#	923	28.9200	83.6000	26	
#	924	27.7500	83.6000	26	
#	925	26.2000	83.6000	26	
#	926	24.1500	83.6000	26	
#	927	21.8600	83.6000	26	
#	928	18.2800	83.6000	26	
#	929	14.6700	83.6000	26	
#	930	11.1100	83.6000	26	
#	931	8.3300	83.6000	26	
#	932	6.1000	83.6000	26	
#	933	4.1800	83.6000	26	
#	934	2.5900	83.6000	26	
#	935	1.2600	83.6000	26	
#	936	0.2200	83.6000	26	
#	937	0.0000	83.6000	26	
#	938	0.0000	83.6000	26	
#	939	0.0000	83.6000	26	
#	940	0.0000	83.6000	26	
#	941	0.0000	83.6000	26	
#	942	0.0000	83.6000	26	
#	943	0.0000	83.6000	26	
#	944	0.0000	83.6000	26	
#	945	0.0000	83.6000	26	
#	946	0.0000	83.6000	26	
#	947	0.0000	83.6000	26	
#	948	0.0000	83.6000	26	
#	949	0.0000	83.6000	26	
#	950	0.0000	83.6000	26	
#	951	0.0000	83.6000	26	
#	952	0.0000	83.6000	26	
#	953	0.0000	83.6000	26	
#	954	0.0000	83.6000	26	
#	955	0.0000	83.6000	26	
#	956	0.0000	83.6000	26	
#	957	0.0000	83.6000	26	
#	958	0.0000	83.6000	26	
#	959	0.0000	83.6000	26	
#	960	0.0000	83.6000	26	
</DQYC::GX.LiuHLDZ>
